Oradea 47.0465005 21.9189438 Zerind 46.622511 21.517419 71
Oradea 47.0465005 21.9189438 Sibiu 45.792784 24.152068999999983 151
Zerind 46.622511 21.517419 Arad 46.166667 21.316667 75
Arad 46.166667 21.316667 Timisoara 45.759722 21.23 118
Arad 46.166667 21.316667 Sibiu 45.792784 24.152068999999983 140
Timisoara 45.759722 21.23 Lugoj 45.68861 21.90306 111
Lugoj 45.68861 21.90306 Mehadia 44.904114 22.364516 70
Mehadia 44.904114 22.364516 Drobeta 44.636923 22.659734 75
Drobeta 44.636923 22.659734 Craiova 44.333333 23.816667000000052 120
Craiova 44.333333 23.816667000000052 Rimnicu_Vilcea 45.099675 24.369318 146
Craiova 44.333333 23.816667000000052 Pitesti 44.860556 24.867778000000044 138
Sibiu 45.792784 24.152068999999983 Rimnicu_Vilcea 45.099675 24.369318 80
Sibiu 45.792784 24.152068999999983 Fagaras 45.8416403 24.9730954 99
Rimnicu_Vilcea 45.099675 24.369318 Pitesti 44.860556 24.867778000000044 97
Fagaras 45.8416403 24.9730954 Bucharest 44.439663 26.096306 211
Pitesti 44.860556 24.867778000000044 Bucharest 44.439663 26.096306 101
Giurgiu 43.9037076 25.9699265 Bucharest 44.439663 26.096306 90
Bucharest 44.439663 26.096306 Urziceni 44.7165317 26.641121 85
Urziceni 44.7165317 26.641121 Vaslui 46.640692 27.727647 142
Urziceni 44.7165317 26.641121 Hirsova 44.6833333 27.9333333 98
Hirsova 44.6833333 27.9333333 Eforie 44.058422 28.633607 86
Vaslui 46.640692 27.727647 Iasi 47.156944 27.590278000000012 92
Iasi 47.156944 27.590278000000012 Neamt 47.2 26.3666667 87
Iasi 47.156944 27.590278000000012 Desse 44.622511 23.517419 65
Neamt 47.2 26.3666667 Berhan 45.792784 24.152068999999983 144
Zerind 46.622511 21.517419 Addis 46.166667 21.316667 75
Arad 46.166667 21.316667 Beke 74.759722 28.23 45
Arad 46.166667 21.316667 chacha 42.792784 28.152068999999983 148
Maria 45.759722 21.23 Obrien 45.68861 21.90306 117
Maria 45.759722 21.23 Oradea 47.0465005 21.9189438 110
Pamela 45.68861 21.90306 Spain 44.904114 22.364516 79
Vaslui 46.640692 27.727647 Spain 44.904114 22.364516 79
William 44.904114 22.364516 Arnot 44.636923 22.659734 78
Eforie 44.058422 28.633607 Harrison 44.333333 23.816667000000052 78
Eforie 44.058422 28.633607 Arnot 44.636923 22.659734 56
Richard 44.636923 22.659734 Harrison 44.333333 23.816667000000052 129
Nicholas 44.333333 23.816667000000052 Storm 45.099675 24.369318 146
Urziceni 44.7165317 26.641121 Storm 45.099675 24.369318 65
Bucharest 44.439663 26.096306 Victor 44.333333 23.816667000000052 90
Victor 44.333333 23.816667000000052 Faulkner 44.860556 24.867778000000044 153
Neamt 47.2 26.3666667 Andrade 45.099675 24.369318 76
Kimberly 45.792784 24.152068999999983 Andrade 45.099675 24.369318 56
Oscar 45.792784 24.152068999999983 Fagaras 45.8416403 24.9730954 90
Roger 47.156944 27.590278000000012 Desse 44.622511 23.517419 65
Tucker 47.2 26.3666667 Berhan 45.792784 24.152068999999983 144
Curtis 46.622511 21.517419 Addis 46.166667 21.316667 75
Yoon 46.166667 21.316667 Hill 74.759722 28.23 45
Yoon 46.166667 21.316667 Beke 74.759722 28.23 45
Damien 46.166667 21.316667 chacha 42.792784 28.152068999999983 148
Maria 45.759722 21.23 Bays 45.68861 21.90306 117
Maria 45.759722 21.23 Robert 47.0465005 21.9189438 110
Pamela 45.68861 21.90306 Neilsen 44.904114 22.364516 79
Seth 46.640692 27.727647 Spain 44.904114 22.364516 79
Seth 46.640692 27.727647 Cossey 44.904114 22.364516 79
Amanda 44.904114 22.364516 Arnot 44.636923 22.659734 78
Fischer 44.058422 28.633607 Harrison 44.333333 23.816667000000052 78
Sean 44.058422 28.633607 Arnot 44.636923 22.659734 56
Richard 44.636923 22.659734 Dahl 44.333333 23.816667000000052 129
Kathleen 44.333333 23.816667000000052 Storm 45.099675 24.369318 146
Barnes 44.7165317 26.641121 Storm 45.099675 24.369318 65
Shane 44.439663 26.096306 Victor 44.333333 23.816667000000052 90
Victor 44.333333 23.816667000000052 Richardson 44.860556 24.867778000000044 153
Roger 47.156944 27.590278000000012 Abel 44.622511 23.517419 65
Abdi 47.2 26.3666667 Berhan 45.792784 24.152068999999983 144
Peter 46.622511 21.517419 Addis 46.166667 21.316667 75
Yoon 46.166667 21.316667 Tesh 74.759722 28.23 45
Kulch 46.166667 21.316667 Beke 74.759722 28.23 45
Damien 46.166667 21.316667 Abrish 42.792784 28.152068999999983 148
Kaleab 45.759722 21.23 Bays 45.68861 21.90306 117
Birru 45.759722 21.23 Robert 47.0465005 21.9189438 110
Pamela 45.68861 21.90306 Nazi 44.904114 22.364516 79
Haile 46.640692 27.727647 Spain 44.904114 22.364516 79
Chala 46.640692 27.727647 Cossey 44.904114 22.364516 79
Amanda 44.904114 22.364516 Baba 44.636923 22.659734 78
Fischer 44.058422 28.633607 Gaye 44.333333 23.816667000000052 78
Sean 44.058422 28.633607 Fara 44.636923 22.659734 56
Max 44.636923 22.659734 Dahl 44.333333 23.816667000000052 129
Taye 44.333333 23.816667000000052 Storm 45.099675 24.369318 146
Barnes 44.7165317 26.641121 Scizny 45.099675 24.369318 65
Shane 44.439663 26.096306 Ayele 44.333333 23.816667000000052 90
Abebe 44.333333 23.816667000000052 Richardson 44.860556 24.867778000000044 153
Abebe 44.333333 23.816667000000052 Foul 44.860556 24.867778000000044 153
