Oradea 47.0465005 21.9189438 Zerind 46.622511 21.517419 71
Oradea 47.0465005 21.9189438 Sibiu 45.792784 24.152068999999983 151
Zerind 46.622511 21.517419 Arad 46.166667 21.316667 75
Arad 46.166667 21.316667 Timisoara 45.759722 21.23 118
Arad 46.166667 21.316667 Sibiu 45.792784 24.152068999999983 140
Timisoara 45.759722 21.23 Lugoj 45.68861 21.90306 111
Lugoj 45.68861 21.90306 Mehadia 44.904114 22.364516 70
Mehadia 44.904114 22.364516 Drobeta 44.636923 22.659734 75
Drobeta 44.636923 22.659734 Craiova 44.333333 23.816667000000052 120
Craiova 44.333333 23.816667000000052 Rimnicu_Vilcea 45.099675 24.369318 146
Craiova 44.333333 23.816667000000052 Pitesti 44.860556 24.867778000000044 138
Sibiu 45.792784 24.152068999999983 Rimnicu_Vilcea 45.099675 24.369318 80
Sibiu 45.792784 24.152068999999983 Fagaras 45.8416403 24.9730954 99
Rimnicu_Vilcea 45.099675 24.369318 Pitesti 44.860556 24.867778000000044 97
Fagaras 45.8416403 24.9730954 Bucharest 44.439663 26.096306 211
Pitesti 44.860556 24.867778000000044 Bucharest 44.439663 26.096306 101
Giurgiu 43.9037076 25.9699265 Bucharest 44.439663 26.096306 90
Bucharest 44.439663 26.096306 Urziceni 44.7165317 26.641121 85
Urziceni 44.7165317 26.641121 Vaslui 46.640692 27.727647 142
Urziceni 44.7165317 26.641121 Hirsova 44.6833333 27.9333333 98
Hirsova 44.6833333 27.9333333 Eforie 44.058422 28.633607 86
Vaslui 46.640692 27.727647 Iasi 47.156944 27.590278000000012 92
Iasi 47.156944 27.590278000000012 Neamt 47.2 26.3666667 87
